100
0 44
1 47
2 64
3 67
4 67
5 9
6 83
7 21
8 36
9 87
10 70
11 88
12 88
13 12
14 58
15 65
16 39
17 87
18 46
19 88
20 81
21 37
22 25
23 77
24 72
25 9
26 20
27 80
28 69
29 79
30 47
31 64
32 82
33 99
34 88
35 49
36 29
37 19
38 19
39 14
40 39
41 32
42 65
43 9
44 57
45 32
46 31
47 74
48 23
49 35
50 75
51 55
52 28
53 34
54 0
55 0
56 36
57 53
58 5
59 38
60 17
61 79
62 4
63 42
64 58
65 31
66 1
67 65
68 41
69 57
70 35
71 11
72 46
73 82
74 91
75 0
76 14
77 99
78 53
79 12
80 42
81 84
82 75
83 68
84 6
85 68
86 47
87 3
88 76
89 100
90 52
91 78
92 15
93 20
94 99
95 58
96 23
97 79
98 13
99 85
