100
10000000000.0000000000
10000000000.0000000000
10000000000.0000000000
10000000000.0000000000
10000000000.0000000000
10000000000.0000000000
10000000000.0000000000
10000000000.0000000000
10000000000.0000000000
10000000000.0000000000
10000000000.0000000000
10000000000.0000000000
10000000000.0000000000
10000000000.0000000000
10000000000.0000000000
10000000000.0000000000
10000000000.0000000000
10000000000.0000000000
10000000000.0000000000
10000000000.0000000000
10000000000.0000000000
10000000000.0000000000
10000000000.0000000000
10000000000.0000000000
10000000000.0000000000
10000000000.0000000000
10000000000.0000000000
10000000000.0000000000
10000000000.0000000000
10000000000.0000000000
10000000000.0000000000
10000000000.0000000000
10000000000.0000000000
10000000000.0000000000
10000000000.0000000000
10000000000.0000000000
10000000000.0000000000
10000000000.0000000000
10000000000.0000000000
10000000000.0000000000
10000000000.0000000000
10000000000.0000000000
10000000000.0000000000
10000000000.0000000000
10000000000.0000000000
10000000000.0000000000
10000000000.0000000000
10000000000.0000000000
10000000000.0000000000
10000000000.0000000000
10000000000.0000000000
10000000000.0000000000
10000000000.0000000000
10000000000.0000000000
10000000000.0000000000
10000000000.0000000000
10000000000.0000000000
10000000000.0000000000
10000000000.0000000000
10000000000.0000000000
10000000000.0000000000
10000000000.0000000000
10000000000.0000000000
10000000000.0000000000
10000000000.0000000000
10000000000.0000000000
10000000000.0000000000
10000000000.0000000000
10000000000.0000000000
10000000000.0000000000
10000000000.0000000000
10000000000.0000000000
10000000000.0000000000
10000000000.0000000000
10000000000.0000000000
10000000000.0000000000
10000000000.0000000000
10000000000.0000000000
10000000000.0000000000
10000000000.0000000000
10000000000.0000000000
10000000000.0000000000
10000000000.0000000000
10000000000.0000000000
10000000000.0000000000
10000000000.0000000000
10000000000.0000000000
10000000000.0000000000
10000000000.0000000000
10000000000.0000000000
10000000000.0000000000
10000000000.0000000000
10000000000.0000000000
10000000000.0000000000
10000000000.0000000000
10000000000.0000000000
10000000000.0000000000
10000000000.0000000000
10000000000.0000000000
10000000000.0000000000
